4x4 05.txt IDFS AVG from:30iterations, max depth: 6 
Order, Duration, Visited, Processed, MaxDepth
LRUD, 102.9, 18786, 5859, 5
LRDU, 84.2, 52759, 16470.5, 5
LURD, 103.933, 92171.5, 28756.5, 5
LUDR, 102.667, 142636, 44471, 5
LDRU, 68.3, 189054, 58975, 5
LDUR, 100.967, 233580, 72902.5, 5
RLUD, 99.8, 275563, 86012, 5
RLDU, 89.7, 308156, 96203.5, 5
RULD, 69.7333, 340903, 106442, 5
RUDL, 81.9, 373496, 116634, 5
RDLU, 49.5, 401469, 125415, 5
RDUL, 66.3333, 427209, 133515, 5
ULRD, 124.267, 463722, 144916, 5
ULDR, 137.933, 514186, 160631, 5
URLD, 127.333, 563688, 176050, 5
URDL, 111.167, 606512, 189391, 5
UDLR, 131.033, 651690, 203492, 5
UDRL, 121.533, 700446, 218726, 5
DLRU, 88.0667, 741577, 231616, 5
DLUR, 116.067, 781482, 244134, 5
DRLU, 83.0333, 820334, 256330, 5
DRUL, 73.3, 853574, 266800, 5
DULR, 80.9667, 892812, 279114, 5
DURL, 68, 936950, 292937, 5


4x4 06.txt IDFS AVG from:30iterations, max depth: 7 
Order, Duration, Visited, Processed, MaxDepth
LRUD, 532.033, 93620, 28892, 6
LRDU, 544.1, 285484, 88082.5, 6
LURD, 554.9, 491742, 151728, 6
LUDR, 779.933, 740726, 228550, 6
LDRU, 784.333, 1.0214e+06, 315086, 6
LDUR, 859.8, 1.31302e+06, 404981, 6
RLUD, 399.767, 1.53048e+06, 472023, 6
RLDU, 464.867, 1.67602e+06, 516874, 6
RULD, 346.667, 1.81001e+06, 558180, 6
RUDL, 300.533, 1.92284e+06, 593016, 6
RDLU, 300.933, 2.05624e+06, 634179, 6
RDUL, 238.333, 2.19891e+06, 678186, 6
ULRD, 348.867, 2.3608e+06, 728175, 6
ULDR, 529.233, 2.58875e+06, 798548, 6
URLD, 242.567, 2.79028e+06, 860746, 6
URDL, 231.433, 2.9323e+06, 904612, 6
UDLR, 555.233, 3.13589e+06, 967484, 6
UDRL, 627.1, 3.37404e+06, 1.04098e+06, 6
DLRU, 838.433, 3.62018e+06, 1.1169e+06, 6
DLUR, 728.467, 3.90982e+06, 1.20623e+06, 6
DRLU, 443.167, 4.17455e+06, 1.28784e+06, 6
DRUL, 546.667, 4.39193e+06, 1.35483e+06, 6
DULR, 564.367, 4.63815e+06, 1.43077e+06, 6
DURL, 499.667, 4.89694e+06, 1.5106e+06, 6


4x4 07.txt IDFS AVG from:30iterations, max depth: 8 
Order, Duration, Visited, Processed, MaxDepth
LRUD, 934.667, 177289, 54932, 7
LRDU, 967.867, 519716, 161035, 7
LURD, 923.533, 862484, 267230, 7
LUDR, 1290.47, 1.35523e+06, 419688, 7
LDRU, 1288.93, 1.98638e+06, 614874, 7
LDUR, 1589.9, 2.61688e+06, 809861, 7
RLUD, 593.267, 3.03322e+06, 938705, 7
RLDU, 485.433, 3.24824e+06, 1.00539e+06, 7
RULD, 546.1, 3.46462e+06, 1.0725e+06, 7
RUDL, 441.8, 3.67715e+06, 1.13846e+06, 7
RDLU, 428.933, 3.88227e+06, 1.20215e+06, 7
RDUL, 529.867, 4.0868e+06, 1.26566e+06, 7
ULRD, 906.5, 4.36516e+06, 1.35197e+06, 7
ULDR, 1502.27, 4.86045e+06, 1.50524e+06, 7
URLD, 478.867, 5.2803e+06, 1.63517e+06, 7
URDL, 433.8, 5.4934e+06, 1.70128e+06, 7
UDLR, 1268.83, 5.91598e+06, 1.8321e+06, 7
UDRL, 1099.1, 6.47373e+06, 2.00464e+06, 7
DLRU, 1740.53, 7.03341e+06, 2.17777e+06, 7
DLUR, 1244.27, 7.65278e+06, 2.36937e+06, 7
DRLU, 795.633, 8.20631e+06, 2.5406e+06, 7
DRUL, 935.633, 8.6993e+06, 2.69311e+06, 7
DULR, 1062.13, 9.25964e+06, 2.86647e+06, 7
DURL, 799.733, 9.81601e+06, 3.03858e+06, 7


4x4 08.txt IDFS AVG from:30iterations, max depth: 9 
Order, Duration, Visited, Processed, MaxDepth
LRUD, 6297.57, 1.20818e+06, 373271, 8
LRDU, 6906.4, 3.91563e+06, 1.20973e+06, 8
LURD, 3817.4, 6.22981e+06, 1.9247e+06, 8
LUDR, 3680.33, 8.00217e+06, 2.47223e+06, 8
LDRU, 6626, 1.06525e+07, 3.29092e+06, 8
LDUR, 4347.17, 1.36241e+07, 4.2089e+06, 8
RLUD, 3548.83, 1.60357e+07, 4.95388e+06, 8
RLDU, 5009.83, 1.86158e+07, 5.75093e+06, 8
RULD, 2843.4, 2.09447e+07, 6.47038e+06, 8
RUDL, 2972.1, 2.27101e+07, 7.01574e+06, 8
RDLU, 4564.7, 2.50664e+07, 7.7437e+06, 8
RDUL, 4074.2, 2.77533e+07, 8.57376e+06, 8
ULRD, 1981.1, 2.95607e+07, 9.13211e+06, 8
ULDR, 2287.4, 3.08932e+07, 9.54371e+06, 8
URLD, 1617.33, 3.21502e+07, 9.93197e+06, 8
URDL, 1650.27, 3.32006e+07, 1.02564e+07, 8
UDLR, 2486.87, 3.44603e+07, 1.06456e+07, 8
UDRL, 2245.27, 3.58553e+07, 1.10764e+07, 8
DLRU, 5526.07, 3.82203e+07, 1.1807e+07, 8
DLUR, 4512.83, 4.11808e+07, 1.27216e+07, 8
DRLU, 5036.2, 4.40994e+07, 1.36232e+07, 8
DRUL, 4780.47, 4.70747e+07, 1.45422e+07, 8
DULR, 3460.5, 4.95338e+07, 1.53018e+07, 8
DURL, 3346.37, 5.1643e+07, 1.59534e+07, 8


4x4 09.txt IDFS AVG from:30iterations, max depth: 10 
Order, Duration, Visited, Processed, MaxDepth
LRUD, 9764.47, 1.74386e+06, 539059, 9
LRDU, 9061.7, 5.48811e+06, 1.6964e+06, 9
LURD, 5999.43, 9.29626e+06, 2.87356e+06, 9
LUDR, 8884.23, 1.37299e+07, 4.24406e+06, 9
LDRU, 9451.63, 1.92763e+07, 5.95824e+06, 9
LDUR, 9557.6, 2.51735e+07, 7.78082e+06, 9
RLUD, 5392.7, 2.97416e+07, 9.19271e+06, 9
RLDU, 6453.33, 3.33584e+07, 1.03106e+07, 9
RULD, 4548.53, 3.67242e+07, 1.1351e+07, 9
RUDL, 4548.83, 3.95264e+07, 1.22172e+07, 9
RDLU, 6495, 4.29195e+07, 1.3266e+07, 9
RDUL, 5590.5, 4.66431e+07, 1.4417e+07, 9
ULRD, 5001.3, 4.99445e+07, 1.54375e+07, 9
ULDR, 7637.3, 5.39383e+07, 1.66721e+07, 9
URLD, 4692.6, 5.78089e+07, 1.78686e+07, 9
URDL, 4682.43, 6.07809e+07, 1.87874e+07, 9
UDLR, 7591.3, 6.4702e+07, 1.99995e+07, 9
UDRL, 7819.37, 6.94502e+07, 2.14672e+07, 9
DLRU, 9550.3, 7.47113e+07, 2.30932e+07, 9
DLUR, 9618.17, 8.05974e+07, 2.49124e+07, 9
DRLU, 9001.03, 8.6412e+07, 2.67095e+07, 9
DRUL, 8196.4, 9.18557e+07, 2.83919e+07, 9
DULR, 8684.03, 9.72404e+07, 3.00561e+07, 9
DURL, 8490.07, 1.02703e+08, 3.17444e+07, 9


4x4 10.txt IDFS AVG from:30iterations, max depth: 11 
Order, Duration, Visited, Processed, MaxDepth
LRUD, 30934.8, 8.01007e+06, 2.47541e+06, 10
LRDU, 31720.5, 2.53618e+07, 7.83771e+06, 10
LURD, 13359.5, 3.88093e+07, 1.19936e+07, 10
LUDR, 15900.5, 4.78756e+07, 1.47958e+07, 10
LDRU, 34481.8, 6.34067e+07, 1.95954e+07, 10
LDUR, 21299.9, 8.04226e+07, 2.4854e+07, 10
RLUD, 24249.4, 9.48798e+07, 2.93218e+07, 10
RLDU, 29124.8, 1.12104e+08, 3.46447e+07, 10
RULD, 23590, 1.28982e+08, 3.98605e+07, 10
RUDL, 22642.4, 1.43912e+08, 4.44745e+07, 10
RDLU, 28935.7, 1.60913e+08, 4.97283e+07, 10
RDUL, 28348.6, 1.79628e+08, 5.55119e+07, 10
ULRD, 11728.5, 1.92569e+08, 5.95112e+07, 10
ULDR, 14482.9, 2.01195e+08, 6.21774e+07, 10
URLD, 11883.7, 2.09698e+08, 6.48055e+07, 10
URDL, 11433.1, 2.17303e+08, 6.7156e+07, 10
UDLR, 14431.8, 2.25857e+08, 6.97997e+07, 10
UDRL, 14157.9, 2.35238e+08, 7.2699e+07, 10
DLRU, 31587.6, 2.50483e+08, 7.74106e+07, 10
DLUR, 20622.1, 2.67488e+08, 8.26657e+07, 10
DRLU, 31593.8, 2.84671e+08, 8.79759e+07, 10
DRUL, 30826.4, 3.05106e+08, 9.42909e+07, 10
DULR, 20130.2, 3.2161e+08, 9.93911e+07, 10
DURL, 19718.7, 3.34568e+08, 1.03396e+08, 10


